# Started at: Tue Feb 14 15:09:54 2023
2795
2795
2795
2794
2795
2796
2796
2794
2794
2794
2794
2794
2794
2794
2794
2795
2794
2794
2794
2794
2793
2794
2793
2793
2795
2793
2794
2794
2794
2793
2794
2794
2793
2798
2794
2799
2794
2800
2794
2798
2800
2794
2799
2799
2794
2797
2796
2799
2794
2800
2796
2801
2795
2800
2795
2800
2796
2801
2794
2799
2797
2794
2800
2794
2797
2795
2800
2795
2796
2799
2794
2799
2793
2800
2795
2797
2794
2797
2800
2796
2799
2793
2801
2794
2798
2798
2799
2797
2801
2797
2795
2801
2793
2801
2797
2800
2797
2798
2800
2796
2796
2800
2794
2800
2797
2796
2802
2797
2800
2793
2800
2796
2796
2799
2795
2801
2793
2800
2795
2798
2793
2800
2794
2802
2793
2799
2796
2797
2799
2797
2796
2797
2797
2794
2800
2794
2800
2795
2799
2800
2795
2800
2794
2799
2798
2793
2801
2795
2798
2800
2793
2801
2797
2796
2802
2794
2799
2796
2795
2801
2795
2800
2799
2794
2802
2794
2799
2799
2796
2800
2794
2801
2795
2801
2795
2795
2799
2793
2801
2795
2798
2799
2795
2799
2793
2802
2793
2800
2793
2800
2795
2798
2800
2792
2801
2794
2801
2792
2803
2794
2799
2799
2796
2797
2800
2794
2800
2796
2795
2802
2794
2800
2798
2795
2801
2795
2799
2796
2800
2798
2800
2798
2795
2801
2794
2798
2800
2796
2796
2796
2795
2797
2795
2801
2795
# Stoped at: Tue Feb 14 15:09:56 2023
# Run time: 2122 ms
# Number of events: 235